27.374799
38.281700
49.254281
60.714265
71.912436
83.167930
94.524501
105.591985
116.265007
127.228569
138.117167
149.028847
159.953698
171.155548
181.690021
193.003656
204.245969
214.780165
225.640918
236.731024
248.494661
259.199959
270.275645
280.946609
292.448841
303.345366
314.099463
325.097954
335.751802
346.476573
357.804716
369.393364
380.759840
392.292692
403.562706
414.214292
425.237121
436.549681
447.641348
459.066874
470.239628
481.343344
492.378002
503.117045
514.085790
525.142248
535.892095
547.333462
558.448393
569.395091
580.498008
591.664616
603.215026
614.384989
625.529051
636.103587
647.391296
658.868332
669.965598
680.606652
691.466654
