-349.351607
-353.472340
-348.608371
-349.591964
-364.631067
-348.624596
-350.255863
-347.088289
-348.091998
-349.609392
-352.635807
-349.716571
-350.339174
-349.567546
-350.956905
-350.115549
-349.138102
-351.375941
-347.855704
-351.716698
-352.399309
-345.823739
-349.775079
-350.396338
-364.714187
-347.150933
-349.520478
-349.791068
-338.637654
-349.894573
-348.236888
-350.908980
-348.499986
-348.985117
-353.397430
-351.072544
-349.217343
-348.945928
-327.172092
-438.105209
-349.031759
-353.986257
-348.921639
-349.380978
-349.541482
-351.209398
-348.812689
-348.801867
-351.280771
-349.919534
-349.940093
-346.826456
-350.677213
-351.024332
-350.947021
-348.246321
-348.545346
-320.215441
-348.638840
-347.488053
-348.836673
-322.468943
-346.308804
-351.180057
-349.691859
-349.449246
-348.968816
-354.187116
-345.812353
-348.614816
-353.807856
-345.939650
-324.985866
-347.278622
-349.041689
-348.530552
-348.515489
-365.813210
-364.809392
-349.589412
-348.441116
-350.476186
-350.548084
-342.964991
-350.675283
-349.845451
-351.240248
-351.413846
-355.176580
-349.212742
-349.306925
-349.819397
-351.065993
-349.307844
-341.020894
-349.623597
-349.253050
-348.027553
-350.754607
-349.347368
-351.401599
-348.635324
-351.040819
-350.032086
-349.168774
-350.088319
-350.294491
-351.374312
-349.447195
-353.453620
-346.261141
-349.430415
-346.439744
-351.009740
-348.825406
-351.205370
-350.342524
-348.216566
-352.308547
-349.778573
-349.809647
-349.348996
-356.652583
-349.036995
-349.242348
-348.066615
-349.004350
-348.076176
-353.592370
-349.821708
-351.264863
-349.452978
-349.554898
-350.261110
-349.558094
-348.728987
-350.248592
-336.653658
-349.598101
-346.753407
-348.144670
-351.642019
-351.795967
-351.803012
-351.423903
-351.009359
-351.608452
-351.587670
-348.305092
-345.283264
-350.795661
-353.110211
-348.160064
-349.726222
-349.437511
-348.692944
-349.631678
-350.249403
-349.722660
-349.991816
-354.081542
-349.777301
-349.791550
-349.853552
-350.081285
-347.940847
-349.389798
-352.431281
-349.173999
-348.522679
-346.410384
-349.123831
-351.681677
-348.480519
-347.366859
-414.864901
-344.992516
-349.490560
-350.772914
-348.967676
-352.187851
-350.842324
-349.296807
-347.421760
-348.347745
-344.649578
-345.446056
-349.788269
-348.887469
-350.647151
-348.933098
-350.190199
-349.654662
-349.033411
-349.422512
-347.064285
-348.010343
-348.398534
-349.492261
-348.952187
-350.980028
-348.721764
-350.293043
-350.465846
-349.337037
-347.475226
-349.631795
-348.548245
-349.017637
-360.600627
-349.686254
-350.207890
-349.303277
-348.779248
-349.919058
-351.540355
-349.151718
-350.705871
-348.462814
-350.998137
-349.569934
-350.869804
-346.834580
-353.347255
-350.158326
-350.084985
-348.261511
-354.095737
-364.473279
-351.436707
-349.782492
-351.555593
-347.770086
-349.513957
-354.840173
-350.621312
-353.219855
-353.423265
-347.245561
-350.495289
-349.729589
-349.817862
-349.810273
-349.453898
-348.879525
-347.760922
-351.304123
-345.489277
-349.669082
-349.243303
-350.568662
-269.295894
-353.844456
-348.663963
-350.453079
-349.803611
-349.219041
-369.503828
-350.872994
-349.297350
-354.248187
-347.882356
-346.523903
-350.172065
-349.528077
-359.193950
-351.457063
-973.345869
-341.793038
-349.090166
-350.698005
-352.193946
-348.477194
-337.903194
-392.213676
-348.656322
-346.717115
-349.642708
-350.227478
-349.745289
-574.677808
-349.600617
-352.469621
-370.579002
-340.038483
-348.768906
-348.898707
-351.742446
-349.286106
-349.530943
-347.431020
-349.301243
-333.680516
-349.434617
-353.222932
-355.996261
-347.416078
-356.292947
-349.218101
-342.359026
-348.770132
-349.091063
-349.134721
-349.726496
-350.282446
-350.168024
-333.631960
-351.391667
-350.528815
-348.557881
-349.349644
-349.775009
-350.625875
-350.271765
-351.304121
-350.536009
-350.634090
-348.278730
-349.810514
-352.333180
-348.310837
-353.201899
-354.213023
-348.326863
-348.079464
-344.628743
-372.236887
-349.694846
-351.143713
-350.022323
-349.494550
-350.615365
-353.612044
-334.094388
-348.228342
-349.938644
-348.465996
-345.023732
-353.328455
-349.631071
-350.657661
-348.683172
-349.738711
-349.200860
-348.877579
-328.198779
-350.329052
-334.260055
-350.201661
-349.190068
-327.558390
-349.901623
-347.116201
-351.085805
-359.922272
-364.146287
-349.090367
-347.240029
-348.767589
-329.037269
-354.937344
-348.928569
-370.141333
-350.865637
-349.549189
-351.887190
-350.675005
-351.365682
-348.997971
-349.345078
-346.821563
-350.040866
-351.666747
-351.883510
-348.264881
-351.148870
-349.464284
-343.850326
-349.752975
-349.756284
-348.988971
-350.073007
-350.432197
-355.972891
-350.068584
-350.049281
-349.388944
-350.782121
-350.100373
-348.781103
-348.826987
-347.102269
-350.108114
-345.522476
-349.434324
-348.707425
-350.463171
-351.260534
-345.713303
-349.543519
-352.438780
-347.668379
-347.464614
-350.674728
-347.948861
-357.510664
-348.304434
-348.185524
-348.845330
-349.064594
-347.261322
-353.296903
-359.704785
-350.877055
-355.293971
-348.830549
-348.517631
-345.888824
-350.466363
-349.894836
-355.520556
-348.578470
-347.671429
-350.114608
-365.648173
-350.935000
-348.754747
-350.630642
-349.369295
-349.603060
-348.798106
-349.517229
-349.732780
-353.593843
7.592760
-349.473758
-349.345342
-349.920165
-354.563462
-348.944959
-349.967863
-353.548421
-350.061522
-348.447525
-333.539438
-396.203061
-345.322792
-347.764056
-352.977122
-350.388773
-326.581114
-351.181095
-347.707154
-348.909987
-349.052841
-349.915947
-365.209049
-349.687802
-349.543970
-356.742998
-341.911465
-348.369385
-359.990343
-348.949876
-349.937539
-349.674809
-349.694193
-358.981188
-82.490952
-348.683193
-348.674653
-348.905030
-382.517554
-312.859993
-359.075674
-348.789232
-351.655219
-350.552525
-349.865070
-361.859641
-352.367421
-349.030913
-349.341312
-350.373136
-350.255236
-350.910466
-349.102817
-348.766863
-348.757993
-350.003493
-346.743110
-349.702749
-347.923230
-350.238124
-353.297573
-349.223343
-350.243594
-340.940402
-351.199395
-346.340624
-351.090012
-349.883923
-350.558109
-351.143946
-423.906132
-349.629218
-349.770548
-349.141206
-348.700732
-349.637948
-350.154798
-351.207797
-348.630262
-348.783155
-349.474640
-349.081809
-350.902927
-349.061660
-348.224730
-348.513502
-349.390213
-349.146945
-349.786423
-350.425247
-351.037461
-349.655588
-348.981745
-350.667089
-348.466921
-348.582362
-351.137563
-351.817262
-349.107875
-348.681885
-348.564019
-337.476328
-352.633687
-349.201168
-336.379017
-348.542607
-350.541313
-332.898614
-343.267389
-329.117871
-347.769244
-349.415528
-352.947975
-350.189275
-348.512715
-340.482706
-349.990518
-350.181555
-352.326493
-348.575104
-348.240302
-348.287813
-350.703398
-347.334063
-350.127053
-347.845167
-346.988577
-348.010371
-350.069218
-350.027089
-346.711343
-349.123231
-341.212786
-349.521586
-349.495766
-349.229147
-349.549133
-349.096084
-355.614502
-353.945965
-349.356749
-349.841336
-347.127194
-352.961023
-349.953399
-348.997671
-350.015733
-349.102293
-344.683375
-349.537483
-347.378961
-349.889892
-349.464541
-349.071474
-353.043712
-349.369300
-349.880841
-349.093261
-348.030791
-350.192717
-350.152513
-350.230667
-349.470965
-248.752336
-347.857065
-356.814711
-349.100613
-350.965653
-351.172474
-350.755932
-351.329470
-362.956024
-349.544074
-351.689938
-348.873230
-349.273491
-349.125186
-349.418672
-349.921644
-350.057135
-347.120098
-349.542120
-350.165718
-352.718971
-348.886688
-342.293401
-349.409520
-349.461454
-339.014535
-354.216599
-349.624201
-346.940223
-351.372168
-349.502637
-347.361711
-350.441994
-350.704504
-350.494007
-346.291986
-349.990161
-347.733565
-348.701806
-349.850565
-352.557262
-349.690651
-353.262861
-350.214285
-346.180306
-348.137977
-349.293124
-349.686439
-349.991179
-346.648210
-347.377591
-349.715301
-342.649812
-351.929692
-349.332144
-344.828677
-349.946942
-349.408087
-351.092389
-349.113581
-349.677329
-354.030382
-351.229692
-350.939832
-351.017870
-351.630796
-351.021188
-351.901306
-355.746842
-349.249647
-352.116213
-349.121731
-341.436951
-348.519987
-349.523951
-350.543118
-345.830939
-350.906480
-349.785928
-348.778629
-349.945137
-347.014388
-350.420428
-348.962491
-350.196109
-338.952067
-349.116575
-357.989329
-348.588364
-372.763119
-351.130253
-349.984432
-349.701705
-350.577561
-352.506959
-349.919231
-350.753626
-350.104860
-348.507097
-347.726825
-349.951403
-348.826107
-349.143592
-349.230269
-349.548593
-351.475531
-350.662182
-350.197730
-347.487533
-350.476373
-350.493972
-352.603605
-349.532514
-349.127099
-350.947468
-350.216641
-350.728274
-351.308199
-350.981017
-337.656137
-348.664919
-349.365923
-348.560660
-375.272753
-348.963188
-350.625134
-349.870247
-349.082967
-350.267231
-348.607260
-349.145800
-349.428156
-350.378708
-341.045389
-352.865772
-349.615486
-346.918832
-348.990932
-363.554988
-347.935453
-351.138910
-348.784420
-349.784909
-350.149440
-343.340187
-347.065257
-346.724734
-353.364883
-343.997993
-350.502455
-349.013958
-364.705850
-351.335964
-349.267656
-350.683490
-353.258888
-349.726439
-350.855636
-349.685911
-347.412783
-351.334919
-351.590123
-349.782762
-349.932869
-351.287293
-349.403745
-352.150178
-349.715750
-349.555173
-346.645559
-350.151043
-349.727221
-352.786490
-350.707686
-347.124318
-350.962352
-348.083893
-348.490267
-346.795103
-350.633976
-349.589403
-354.689826
-349.394001
-349.537122
-350.539366
-349.222800
-347.376430
-350.492852
-350.557870
-349.324968
-350.271487
-349.394747
-349.398185
-349.615495
-349.447568
-342.711678
-350.641236
-356.411563
-349.440163
-349.503495
-349.069198
-428.064219
-348.731130
-349.301669
-350.082221
-349.716172
-348.122183
-349.779385
-347.434937
-350.474641
-345.411741
-352.175549
-349.355431
-349.694281
-348.235487
-349.324613
-347.309783
-349.315029
-353.097494
-260.769656
-349.719383
-348.293792
-352.467373
-349.796999
-346.545151
-348.231046
-348.934723
-358.322293
-346.578658
-343.597851
-348.672924
-349.848504
-349.616569
-188.487965
-350.412099
-350.386514
-350.807851
-348.602763
-350.467369
-350.641336
-349.120917
-341.013051
-342.748756
-350.319521
-349.785141
-345.970005
-347.772172
-350.816606
-338.128166
-380.657076
-349.087470
-349.549350
-349.822581
-346.823667
-346.191757
-348.643839
-335.796884
-349.109205
-350.835599
-349.622252
-354.644974
-364.750183
-348.824233
-349.611076
-350.183662
-351.905603
-352.911011
-349.133247
-330.436019
-348.012681
-348.825689
-350.355630
-356.079073
-349.881262
-350.220846
-351.329572
-349.291471
-350.292599
-347.417794
-351.612858
-351.077021
-347.112219
-347.859085
-348.303610
-349.740673
-349.955892
-349.206925
-350.024849
-348.361209
-351.535021
-349.278253
-349.494343
-351.181957
-349.996398
-355.104225
-343.856787
-353.784155
-349.379217
-350.557718
-347.793083
-348.995660
-353.462761
-350.383801
-347.068231
-332.199676
-357.347264
-350.542966
-347.082650
-350.246942
-351.475664
-346.954703
-349.579663
-350.258679
-345.398168
-345.993770
-357.177289
-349.378288
-350.398934
-350.776003
-348.957786
-349.011201
-346.071200
-364.172063
-350.025151
-352.715281
-353.107154
-348.383842
-349.973013
-355.030453
-348.878138
-346.026169
-349.007939
-347.397773
-348.386972
-348.607556
-348.824136
-354.039937
-354.397803
-354.178258
-348.539109
-348.651325
-349.815541
-350.121138
-349.475483
-349.087326
-350.122735
-347.368661
-350.477011
-351.245817
-358.672641
-349.355068
-349.941608
-352.384092
-347.908209
-349.184647
-348.605704
-349.856942
-349.792716
-353.301399
-348.875027
-350.190033
-344.360608
-350.032974
-749.583337
-350.861775
-350.558928
-348.372705
-351.627191
-350.377801
-355.531921
-349.504830
-349.637080
-349.274332
-357.633363
-347.634768
-348.133305
-342.974122
-348.353426
-349.652000
-348.069381
-350.273008
-349.856480
-343.957742
-350.882219
-325.912576
-348.977982
-349.647796
-349.473863
-367.685013
-348.016821
-349.259579
-354.565809
-349.487386
-350.730127
-350.186763
-349.315342
-347.057128
-350.134244
-349.926636
-348.485115
-351.421622
-348.331470
-347.731696
