0.687536
0.591146
0.250787
0.094491
1.973463
0.665635
1.194198
0.223327
0.909787
0.752711
0.449957
1.221928
1.696219
0.185523
0.078256
0.499311
0.694409
0.812817
0.203847
0.587967
1.080516
0.988498
0.921288
0.553100
0.328158
1.251947
1.513836
1.127061
0.943798
1.385347
0.262048
1.762767
2.021258
1.600693
0.328581
0.622623
1.272535
0.225637
0.901784
0.262174
0.385443
0.889275
0.813712
0.402642
0.403775
1.303574
1.270189
0.760148
1.629065
0.476402
1.454231
1.023663
1.399320
0.265183
0.895200
0.210946
0.292298
0.916721
0.657880
1.242237
0.260359
0.578108
0.875003
1.315483
1.873803
0.691315
1.035099
0.207663
0.852931
0.621081
0.597709
0.594308
1.330114
0.807261
0.738301
0.989378
1.056712
2.215204
1.013183
0.886552
0.596783
1.264597
0.475177
0.386229
1.046474
0.978854
2.976023
1.777954
2.047589
0.908938
1.218541
1.027397
0.664605
1.393373
0.608445
1.106940
0.580244
1.126889
1.530599
1.119699
0.946961
1.926802
0.407632
2.055897
0.887308
0.689301
0.787904
0.531934
0.549078
1.572188
0.500589
0.276146
0.761749
0.652437
0.974131
0.461516
0.689730
0.979278
0.907289
0.877957
1.405510
0.415232
0.162708
0.465395
1.081779
1.963571
0.765025
1.460266
1.225796
0.648953
0.654480
1.335990
2.315849
0.221713
0.674646
0.946514
0.309877
0.596890
1.213053
0.626893
1.045238
1.401788
3.108653
1.767010
0.479064
0.130678
1.309485
0.038068
1.144094
1.230149
0.828209
0.992297
0.413396
1.158611
1.192086
1.073429
0.795345
0.158455
0.843285
1.791562
0.996279
0.801305
0.216500
0.912243
0.880720
0.480094
1.220170
1.229354
2.135517
0.296945
1.151887
1.168522
1.095208
0.408280
1.859790
0.857884
1.469050
0.438676
1.538338
0.868798
1.593688
1.081721
0.763494
1.461085
0.617872
0.643804
1.074603
1.134828
1.880833
0.640206
0.370116
0.534229
0.971978
1.211277
0.549550
1.483704
0.606578
0.128162
0.746128
0.480774
0.195565
1.563426
0.234843
0.844137
2.072938
1.314748
0.334956
1.288177
1.652617
1.594512
0.478212
1.522553
0.713939
1.395467
0.195546
0.994195
1.602205
1.098342
1.143456
1.095495
0.906507
1.429902
0.114437
0.892993
1.026458
0.305603
1.638304
1.486770
0.182768
0.385359
0.608388
0.262005
2.397980
0.211190
1.601825
0.322766
0.559344
0.073227
0.630514
1.929874
0.539805
1.594897
0.228190
0.436204
0.317266
0.759047
0.985437
0.489281
0.488640
0.534460
1.390731
0.530946
0.663472
1.376953
0.954791
0.631241
1.671744
0.689382
0.170221
0.973955
0.559243
0.802694
1.522681
0.164455
1.136586
0.796227
0.672806
1.276446
0.694768
0.727556
0.860311
1.239325
1.567059
0.787565
0.930975
1.287514
1.317879
0.866536
0.356423
2.248419
0.348904
0.802915
1.464504
0.522790
0.669968
0.614556
1.443809
0.468445
0.886477
0.824664
0.564546
0.962892
1.105981
0.569941
1.220209
0.588056
0.329162
0.819554
0.487995
0.839757
0.413866
1.833904
0.230219
0.486873
0.716622
2.425636
0.947136
0.530518
0.952150
0.617307
0.824911
0.722865
1.113088
1.017124
0.679210
1.275839
2.331969
0.850444
0.606530
1.325952
1.449972
0.677327
0.781475
2.148533
1.043850
0.930459
0.535165
1.313015
1.276919
0.733276
1.003258
0.031265
1.624166
1.725366
0.462242
1.590810
0.913702
0.500765
0.657208
1.032727
0.783043
0.368568
0.348883
0.290919
1.426586
1.075050
0.607755
0.043118
1.249668
0.348985
0.974212
0.396612
1.797004
1.146171
1.609698
0.285229
0.291851
0.531596
1.190997
0.599478
0.831667
0.874541
0.737024
1.936114
1.368919
0.727829
0.663907
0.233868
1.543822
0.818497
1.170213
0.404796
0.478480
0.942917
0.997602
1.112999
0.353832
0.749687
0.612058
0.671173
1.804939
1.487767
1.170370
0.913189
1.569826
0.885755
0.967460
1.075753
1.024466
0.446740
0.873041
1.677355
0.391081
1.041905
1.239032
0.529119
1.127201
0.668438
1.767282
0.085780
0.629181
1.645551
0.114574
0.260058
1.947577
1.398925
1.627373
0.302777
0.301537
0.666143
0.526468
0.649752
1.110086
0.883477
0.747002
1.053312
0.299205
0.894909
1.710766
1.378565
1.962333
1.241288
1.058350
1.108513
0.708451
0.445996
1.644217
0.288421
0.833171
0.335088
1.042214
0.271901
0.928348
0.907664
0.153339
0.116037
1.921313
0.336653
1.719719
0.570222
0.476050
0.679289
0.643954
1.100437
1.348892
1.561001
0.141493
0.543575
0.288395
0.533943
1.354836
2.400188
0.736856
0.900075
0.582183
2.224171
2.041411
1.054459
1.474716
1.416801
0.139891
0.267379
0.985388
0.943128
2.301301
1.540501
0.575096
0.308158
1.435834
0.282914
0.590041
1.485580
1.111268
1.963858
0.193016
0.029590
1.098068
1.090171
0.590714
0.861289
0.490673
0.948993
1.159962
1.642349
0.687747
0.827158
1.148345
0.872600
0.364028
1.292226
0.444964
0.587964
0.371592
0.858186
0.919835
0.147573
1.151085
0.280575
0.246793
0.158582
0.167032
0.515084
0.643943
0.435472
0.871631
1.802697
0.444930
1.116870
0.663815
1.262149
0.080195
1.285055
0.830495
0.399544
1.113836
0.270994
0.811164
1.519406
0.903305
0.283755
0.161161
0.408669
1.644683
0.549317
0.148047
0.074181
0.292121
1.861999
0.436721
0.298283
0.384499
1.331659
1.270960
0.928242
0.397349
0.155447
1.647805
0.192816
1.423682
0.797321
1.465491
1.434841
0.247601
0.662618
0.756433
0.627559
0.794565
0.059653
0.317849
0.497566
0.747291
1.341521
0.814408
1.071339
0.994962
1.458855
0.654780
1.402460
1.758687
0.359918
0.267930
0.334803
1.042889
2.216094
2.564207
0.123602
0.767990
1.083152
0.056288
1.896622
0.309699
0.279364
0.768942
0.884416
0.857714
1.475997
0.407325
1.196829
0.863842
0.051397
2.249132
0.835364
1.429678
0.727467
0.823544
0.747331
0.074248
0.429577
0.577214
1.209673
0.707192
0.706985
1.135880
1.093620
0.625366
0.368709
1.683874
0.844053
1.242571
0.048938
0.765540
0.592447
0.514655
0.321642
1.541213
1.659545
0.358248
0.321739
0.335658
1.595794
0.738852
0.581411
0.628543
0.810490
0.849447
1.317802
0.380375
0.108560
0.824673
0.977993
0.244571
0.887817
0.369623
0.379394
0.358488
0.423519
1.099323
1.239923
1.310548
0.411920
0.171030
0.839815
1.535666
1.740132
1.363786
0.349247
0.453724
0.346682
0.710465
0.389459
1.049168
0.988801
1.711838
3.204102
0.833405
1.045830
0.249041
0.692005
0.300004
0.826151
0.714738
0.878232
1.033822
0.745196
0.758559
0.219862
0.206354
0.975612
1.573252
1.595312
0.426866
1.632210
0.671118
0.047310
0.785440
0.933953
1.161989
0.322040
1.054870
0.841464
0.508785
1.433006
0.582584
0.525513
0.615684
0.862016
0.284623
2.035820
0.610188
0.740556
0.424125
0.197622
1.205928
1.264380
0.908379
0.575707
1.256006
0.603258
0.646869
0.291486
1.850444
1.047537
1.008014
0.839310
0.613160
0.754868
0.204534
0.369096
0.853478
1.172932
1.118359
1.191431
0.359401
1.403338
0.965854
0.242208
1.478369
0.267923
0.501921
0.774659
0.642084
0.821078
0.170735
0.745604
1.002017
0.538902
0.678201
0.920132
0.426403
0.032901
0.145003
1.489946
0.355093
0.591441
1.509349
0.339388
0.952227
2.022483
0.703540
1.188425
0.073277
1.341749
2.335584
0.186848
0.642163
0.633923
0.599564
0.634136
0.972050
0.394856
0.622224
1.098336
0.773009
0.883620
1.656072
2.244524
0.638689
0.715876
1.249404
1.998193
0.726074
1.161339
1.951546
0.579541
0.791020
0.558379
0.506970
1.281470
0.448686
0.447833
0.980983
1.188247
0.737674
0.623791
0.601427
0.504514
1.259358
0.091746
1.174221
0.962297
0.660500
1.418650
0.700211
1.407451
0.755711
0.311646
0.745442
0.224120
0.047475
0.878477
1.620445
1.289709
0.535228
0.598987
0.313089
2.356717
1.189870
1.331272
0.516488
0.560245
2.074819
1.526282
0.641997
1.219458
0.835612
1.438272
0.757241
0.849257
1.115440
0.305805
0.605661
0.151585
0.862667
0.664344
0.863787
0.804556
0.602216
0.408285
0.402241
0.755376
1.446386
0.188875
1.365118
1.455131
1.699468
1.834410
0.687559
1.982681
0.655798
1.861446
1.213426
0.395270
0.485173
0.819289
1.977001
1.695800
1.503746
1.065245
2.040769
0.967106
1.111020
0.785740
0.767170
0.998223
1.429791
0.947223
0.698843
0.093368
0.366698
0.091440
0.906075
1.759683
1.221831
1.654035
0.242094
1.642859
0.715443
0.382377
0.811675
0.152398
0.631985
0.438420
1.178124
0.811311
1.521754
0.138014
1.296314
1.453777
0.933924
1.740468
2.142391
1.738120
0.434471
0.648653
0.501053
1.912930
0.588453
0.799502
0.516766
1.494181
1.219774
1.381946
1.407239
0.133518
0.209301
0.506637
0.159388
0.791826
1.727511
1.070151
0.098720
0.807779
1.651682
0.584411
0.553483
0.853667
0.523834
0.643743
0.427796
0.335958
1.125628
1.290447
2.125785
0.551024
1.108016
0.317327
1.076938
1.332396
0.110729
1.221494
0.940362
0.398610
0.727104
1.177883
0.338377
1.022231
0.638677
1.528333
0.126729
1.317432
1.087007
0.724147
0.216045
1.522358
0.312288
1.513469
0.724055
2.076051
1.810056
0.078037
1.226262
0.868268
0.191469
0.552407
1.274775
1.344834
0.225729
0.665574
0.498565
0.905212
1.210746
0.648748
1.011400
1.637057
1.246569
0.902664
1.921069
1.302855
0.688903
1.944922
1.140722
1.903776
0.636476
1.964987
0.550201
0.551374
1.297336
0.828516
1.964878
0.739248
1.617181
0.490551
1.245828
0.823344
0.619857
1.143617
0.095450
1.315961
1.245837
0.390462
1.101530
1.967847
1.282785
0.638975
0.272940
1.133815
1.530790
0.978526
1.502263
1.124355
0.563648
1.842241
0.548452
1.424593
0.991138
0.630906
1.797107
0.114927
1.267341
1.207925
0.420653
0.676840
1.014905
1.111237
0.969435
1.168493
1.867819
1.807750
0.928915
0.792105
0.673803
1.879645
0.698984
0.455416
0.829395
0.899236
0.869313
1.000773
1.252490
1.204112
0.456887
0.724511
0.472145
0.751441
0.109949
1.161803
0.335498
1.766946
0.835935
0.372870
0.490616
1.205193
0.622536
0.612489
0.435189
1.621007
0.991870
0.725099
1.215682
0.623285
0.534315
0.795828
1.105589
0.371823
0.643259
0.306191
0.662126
0.753574
0.457482
0.523349
2.929779
0.600514
1.102204
0.816975
0.363125
0.427797
1.488893
0.469383
0.506023
0.579526
0.785006
0.921717
0.994313
0.194098
0.716627
0.553250
0.077119
1.446259
2.016828
0.652447
0.685975
0.348657
0.585215
0.960621
1.227237
0.546380
0.180393
0.436906
1.338389
0.513153
1.238710
0.794101
0.920832
1.154601
1.094343
0.206776
0.751799
1.104686
0.500749
1.424293
0.937543
1.703883
0.789868
0.670344
0.669252
0.334836
0.789824
0.682371
0.981133
0.438460
0.612454
0.853635
0.336578
0.926053
0.743579
0.394710
1.715351
2.207829
0.710786
1.253403
0.702579
1.225299
1.321612
0.839017
2.263794
0.228442
0.054707
1.016536
2.064183
1.495690
1.021658
0.421810
0.386760
1.164588
0.921614
0.567839
0.459252
0.436293
2.023863
0.430852
1.060318
0.669068
0.887015
0.273079
0.755272
1.893660
1.142292
2.295624
0.398435
0.729007
0.670558
0.393537
0.463705
0.508229
0.202047
2.022111
1.101534
1.213284
2.238894
0.781531
1.307595
1.287929
1.407165
1.741812
0.020281
1.267414
0.744185
0.378962
0.906178
0.605992
0.204359
0.697136
0.804690
1.081022
0.665351
0.707958
0.698537
0.162364
0.452198
1.028077
1.091578
0.922731
1.529752
1.261212
2.049103
1.006675
0.848378
1.429011
1.236910
2.640725
0.363378
0.533138
0.547741
0.437345
1.527002
1.338233
0.653243
0.798176
1.359624
0.523721
0.508314
0.861188
0.315833
0.244666
0.462498
1.129686
1.176749
0.532042
1.245253
1.266203
1.324336
1.211015
0.353311
1.261248
1.072003
1.486266
1.207616
0.573281
1.095690
0.408746
0.427044
2.064586
2.012998
1.415904
0.246109
0.295977
2.461322
0.102059
0.537518
0.201403
1.382871
0.594757
1.207399
1.269933
1.914870
1.631217
0.519058
1.505405
0.579588
0.567720
0.811703
0.527092
1.141973
0.833477
0.179458
0.515733
0.775542
1.568048
0.877944
1.327124
0.520583
0.097176
0.212586
0.396635
1.961062
1.172165
0.540492
0.596089
0.641967
1.125299
1.101433
0.239756
0.623261
0.860668
0.618722
1.022471
1.709789
0.199547
1.577755
0.383813
0.985442
2.060610
1.152141
1.371225
0.804487
0.631040
0.076237
0.573210
0.711336
0.800041
0.632434
1.014612
1.175657
1.416787
0.742335
0.293212
0.749071
0.775444
1.474296
1.787376
1.985201
0.885322
0.708392
0.658977
0.765650
0.353612
1.363212
0.532349
1.341782
0.419740
0.698593
0.802077
0.846743
0.147189
1.411104
0.396674
0.687223
0.543959
1.286125
0.368097
0.766122
1.129550
0.228873
0.231124
0.855864
0.243247
1.723856
1.308023
0.820701
0.745803
1.420448
0.464682
0.919233
1.916284
0.106279
0.376936
1.512739
0.822303
0.725099
0.671011
0.731075
1.011901
0.509706
0.646790
0.560831
0.648534
1.000132
0.268209
0.902342
0.609267
0.594850
0.372628
0.774994
0.974632
0.356855
0.754184
0.986490
1.328020
0.619485
1.130649
0.836717
0.918239
0.823556
0.389833
1.005619
2.038429
0.113162
1.616306
0.945231
2.121168
1.054491
0.445754
0.194184
0.309735
0.589635
0.604414
1.662172
1.657371
0.524901
0.348781
0.665853
0.317534
0.669773
0.246600
0.258899
0.880367
1.382520
1.211992
0.846467
0.499761
0.802118
1.068234
0.534303
0.259167
0.631500
2.260445
0.794477
0.649177
1.900288
0.490472
1.452026
0.648787
1.216994
1.048925
1.634583
0.244822
0.316553
0.328291
0.694739
1.365249
0.770587
0.951394
0.541763
0.540325
0.082928
0.903295
0.576849
0.285402
1.301755
0.627116
0.554484
0.950826
0.410583
2.652511
0.816140
0.629686
1.705929
0.783014
0.252140
0.998288
0.560530
0.227387
0.559665
2.620533
1.257962
0.639592
0.100813
0.617251
1.587014
0.351608
0.337824
2.131432
0.269874
0.489952
2.890089
1.478369
2.334569
0.720861
1.020720
1.180810
1.010023
0.676654
1.014156
0.697512
0.793500
1.377024
0.906843
1.273100
1.712025
0.368787
0.796890
1.297019
0.436416
0.759862
0.767653
0.535706
0.654593
1.052085
0.978249
1.550828
1.127551
0.630255
1.003149
0.707833
0.516567
0.646572
1.982086
0.332887
0.741439
1.245679
0.799977
0.058852
0.016576
0.700440
0.167110
0.149653
1.110724
0.673969
0.803709
1.374119
0.259816
0.830530
1.043628
0.862696
0.460187
0.888975
0.900842
1.053073
0.157839
0.163641
0.869392
1.020646
0.379903
0.408305
0.329010
0.629119
0.456219
1.689580
0.562735
1.013238
1.303707
1.400130
1.224473
0.586779
0.523190
1.616213
1.355838
0.353932
0.311925
0.396086
1.436856
2.439113
1.128600
0.365495
0.399723
0.915470
1.393784
2.253206
0.233709
1.531189
0.744942
0.076567
1.697641
1.209941
1.631223
0.853427
0.250016
0.870065
0.494049
1.107084
0.844585
0.385346
0.865872
1.926399
0.578006
0.405857
0.747720
0.317817
1.157737
0.601231
0.959320
0.392359
0.489919
1.136183
0.384865
1.688905
1.863642
1.235385
0.938888
0.605869
1.113295
1.184133
0.160255
0.417867
0.657541
0.212621
0.518939
1.739945
0.524936
0.490044
1.722454
1.695535
1.242037
1.358470
0.324593
0.819917
1.429221
0.639715
0.420140
0.829839
0.959401
0.649664
0.472086
1.167692
0.205830
1.077622
2.049531
1.931474
0.046159
0.174484
0.527771
1.209613
1.817626
0.286622
0.894352
0.952245
1.110036
0.594781
1.057778
1.690416
0.746967
0.249613
0.384719
0.895836
0.437830
2.056185
0.605367
0.508532
0.457190
1.283272
0.717411
0.681775
0.277934
1.056391
0.123313
0.524440
1.050492
1.393343
0.873147
0.635771
0.607579
1.006297
1.858018
1.198721
0.236667
0.752014
0.345126
0.148060
0.357510
0.071854
1.047348
0.650660
0.739059
1.351865
0.221701
0.319655
0.409551
0.806385
0.891331
1.020213
0.285581
0.854889
0.422838
0.774030
0.948052
0.687011
1.166285
1.058648
1.151018
0.775471
0.428698
1.322724
1.271973
0.424994
0.196570
0.270455
0.537669
0.683309
0.423458
1.411132
0.481966
0.227368
0.714546
0.794998
0.840703
0.622142
1.187777
0.648018
0.500245
0.768579
0.483499
0.826885
1.722904
0.230519
0.321076
1.053051
0.301469
0.170999
0.713626
1.932742
0.115137
1.277087
0.843073
0.512771
0.197313
1.295516
0.859100
2.110726
0.215735
1.071702
0.453012
0.689983
0.854555
1.201448
1.181995
1.205116
1.439883
0.296282
0.901096
0.275561
0.977725
0.688148
0.806826
0.899915
1.035969
1.213735
0.833508
0.752479
0.715577
0.543288
1.329636
0.547986
0.455520
0.952649
0.206751
1.571524
1.083868
0.590092
0.924143
0.988136
1.004181
0.708371
0.628794
0.364753
0.877954
1.194526
0.559654
0.517019
0.032150
0.600266
1.007854
0.546706
0.418888
1.466665
1.622581
0.570701
2.184391
0.545179
0.270839
0.673543
1.041270
1.325530
1.265150
0.700212
1.049030
0.539168
0.534438
0.617695
1.307016
1.157099
1.289023
0.152975
0.707278
1.429945
0.149144
0.730760
1.435474
0.771922
0.892747
1.008247
0.270627
2.007421
1.846385
0.756963
0.869575
1.232684
1.481530
1.564854
1.056837
1.536997
0.408564
0.570873
0.837038
0.104986
1.162451
0.405962
0.872291
0.892356
0.930900
0.772383
0.669359
1.227120
0.283229
0.817722
1.654989
0.717683
0.280659
0.489186
1.405863
1.085978
1.288028
0.503450
0.216819
1.185254
1.145092
0.914733
0.259874
1.015286
1.444543
0.284546
1.127274
0.772314
0.784978
1.465388
1.521653
0.192904
0.978077
0.786223
1.351913
1.179763
0.684694
0.765719
1.233651
0.336212
0.529830
0.300828
1.064373
0.142883
0.642384
0.796403
2.111235
0.784343
0.896757
0.336199
0.646497
0.266595
0.647724
0.998632
1.328164
1.203776
0.327294
0.826270
0.581335
1.466061
0.242535
0.146884
0.559406
1.515818
1.193417
0.249285
0.405290
0.572929
0.561473
0.954543
1.195482
1.639590
0.331971
0.752231
0.457655
0.144894
0.643586
0.374244
0.542618
1.203070
0.340333
0.578686
0.944086
0.327863
0.782290
1.648970
1.375262
1.586751
1.110778
0.274814
0.591503
0.351987
0.507171
0.392096
1.095427
2.121829
1.494180
1.206113
1.204241
0.920211
1.560219
1.231229
0.241253
2.079226
0.470510
0.696784
1.065745
1.032673
0.602768
0.263795
1.397311
0.285349
0.240025
0.538280
0.221258
0.989768
0.736517
1.360195
0.314926
1.093919
0.809614
1.147033
0.357990
0.951418
1.443211
1.359876
1.035555
0.421638
1.215068
0.001527
0.564791
0.941268
0.963124
1.946223
0.272060
1.059562
0.381127
0.959238
0.369698
0.969080
0.914448
1.373928
0.609429
0.374327
0.645521
0.707569
0.483058
0.810205
0.389125
0.494161
1.563679
1.023356
0.570398
0.897127
0.145829
1.667080
0.838214
0.652468
0.451345
1.401921
0.810484
1.920739
0.486771
1.459601
0.851978
0.568098
2.740468
1.151999
1.591026
0.981202
0.392629
2.054268
0.954622
1.611179
0.669979
0.515448
1.249457
1.204798
0.560133
0.959804
0.820382
0.477349
1.653663
0.974797
1.042385
1.352585
0.470915
1.059554
0.851093
1.365129
1.488963
1.045038
1.154750
0.574980
0.209148
1.161873
0.425035
0.810930
0.499807
0.380992
0.661083
0.123851
0.514910
0.348084
0.632338
1.026440
1.653405
1.228895
1.517646
0.882906
0.812438
0.434108
1.310191
0.823806
0.476249
1.044575
0.636360
1.610658
0.473754
0.693648
1.801874
0.873609
0.233890
0.363666
0.311957
0.467339
1.490957
1.459594
1.631617
1.727460
0.450516
1.162020
0.310237
0.716451
1.841436
0.810819
0.406583
2.047695
0.606370
0.841611
1.529978
0.655199
1.335896
0.530313
0.316939
0.157790
0.396259
0.064783
0.468839
0.284065
1.293739
0.797475
2.071382
1.789873
1.663698
0.842206
0.637136
1.807660
1.200690
1.095583
0.899473
0.615574
0.288977
1.305081
2.256178
1.388125
0.787540
1.115008
0.904525
0.528007
1.183581
0.975043
0.496737
0.946130
0.035641
0.842136
0.676215
0.067582
0.204851
1.309843
0.680272
0.291816
0.431900
0.606041
0.558836
1.044958
0.196454
1.148374
1.013921
0.166310
0.318293
0.599982
1.115866
0.692313
1.184689
0.517792
0.171123
1.553737
1.534872
2.022086
0.525847
0.128460
0.664464
0.907086
1.820574
0.968379
0.849975
0.401438
2.722173
1.039573
0.156940
0.460297
0.112399
1.504640
0.383186
0.939828
2.314142
1.081753
0.598822
1.101862
0.505282
0.405980
1.486023
1.566144
0.835231
1.112822
0.481257
1.704650
1.272533
0.624219
0.789795
1.494799
0.506273
1.175689
0.190122
0.289369
0.948965
1.324142
1.739744
0.443739
0.739749
1.296358
1.276381
1.444821
0.484878
0.439164
1.606353
0.259821
0.473897
1.286847
0.853988
0.960348
1.893694
2.237275
0.526959
0.692904
0.742134
2.110260
0.353426
0.537079
1.497194
1.544814
0.487076
0.469251
1.429940
0.523733
0.860950
1.200925
0.797887
1.936779
1.000623
1.928603
2.016533
2.283933
0.120707
0.376032
1.305208
0.271485
1.672628
0.236156
0.524657
1.844963
0.801610
0.492448
0.669331
1.376447
0.633142
2.112211
1.466406
1.302039
1.138071
0.499568
0.769605
1.463389
1.301984
0.266128
0.466884
0.344684
2.595091
0.574708
0.302760
1.139912
0.628093
1.535793
0.352823
0.583167
0.523112
0.436630
0.140355
0.565173
0.644380
1.323969
1.253546
1.869544
1.177567
0.721344
1.934539
0.571630
1.097808
0.715427
0.197424
0.469851
0.597231
0.381065
1.193709
0.557895
2.257986
0.949585
0.782631
1.443678
2.379158
1.192090
0.531747
1.429693
0.527902
0.535693
0.470323
0.360478
0.775610
1.694020
0.243714
0.288713
0.594027
1.109237
1.139841
0.405977
1.385440
1.433786
0.868902
0.746652
0.183941
0.700136
0.464312
0.783363
0.641687
1.386925
0.265229
1.239064
0.121567
0.956871
0.831485
0.596129
0.743441
1.641476
0.572463
0.260491
1.191974
0.125951
0.634394
0.891727
0.095236
0.612538
0.502451
0.376374
1.006837
1.490765
2.069819
0.458484
0.885497
0.619969
0.798401
1.247829
1.031079
0.902903
0.586452
1.287663
1.935943
0.719458
0.753829
0.370391
0.285090
0.961221
0.675446
1.248342
1.380835
0.525431
0.432495
0.345457
1.860593
1.160016
1.065466
0.600734
1.217883
0.895026
0.844729
0.532244
0.927106
0.577292
0.486495
1.508087
0.955856
1.729117
0.990572
0.513471
1.833650
0.277118
0.792148
0.381696
0.562119
1.449090
0.348899
0.865379
0.759982
0.387467
0.511024
0.481917
0.663403
0.792384
0.578330
0.967130
0.676936
0.368042
0.935814
1.239643
0.457496
0.258791
0.704869
0.824141
1.154126
0.478781
1.202345
0.573918
0.327352
0.269140
1.136187
0.244502
0.678135
0.335212
1.275996
0.240112
0.187548
0.431463
0.996789
0.383959
1.219024
1.135881
1.110334
0.854817
0.634685
0.134795
0.457807
1.176943
1.253823
2.124753
0.819452
0.890390
1.114991
0.520349
0.536213
0.614953
0.580636
0.727467
1.357064
2.143031
0.049298
0.953088
0.622029
1.597893
1.391956
0.798611
0.631540
0.896066
1.174845
1.150456
1.131616
0.507571
0.314241
0.385087
1.499200
0.536888
0.321906
1.477357
0.823644
0.458335
1.475106
1.719219
0.199371
1.390839
0.045747
0.252904
0.206090
1.424676
0.973824
1.361115
0.782419
0.566988
1.151282
1.109887
0.607400
0.818853
0.186150
1.085808
1.514507
1.039771
1.179935
1.399163
1.577093
0.074552
2.505046
1.649759
0.634895
0.600942
1.102538
1.358293
0.479219
1.293871
0.134754
0.578154
1.326272
1.927490
0.555478
0.363100
0.828660
0.861326
1.342027
0.840276
0.742245
0.522037
0.896765
0.483794
0.509135
0.790038
1.655513
0.665378
0.704493
1.053849
0.758464
0.433319
1.099049
1.609434
0.958200
1.385768
1.123237
1.338660
0.945457
1.134066
0.950980
1.331653
0.933203
0.864007
0.835050
0.123709
1.262010
0.592059
1.002559
0.695884
1.183015
2.552005
1.253186
0.617510
0.249414
0.979223
0.975040
2.309538
0.174340
0.708956
0.526304
0.890456
0.694332
0.957579
1.574215
2.053701
1.105379
0.591894
0.442829
0.670057
0.615393
1.863341
0.883816
0.141917
1.434424
1.768148
1.448658
0.148613
0.692200
0.361817
1.628286
1.447410
0.590660
1.394998
0.740762
0.411324
0.450646
0.618059
2.724764
0.385480
0.909295
0.978382
0.232963
0.658448
1.304640
1.436747
1.643288
0.981580
0.656697
0.203736
0.367150
0.892647
0.644492
0.795884
0.903715
0.874264
0.261428
1.477515
0.887868
0.566381
0.560860
1.333324
1.027240
2.021277
2.130710
1.120074
1.137309
1.093227
0.920686
1.126326
0.312789
0.653464
0.504092
0.478897
1.889666
1.508000
1.211558
0.583071
0.723963
0.504089
1.001283
0.766286
1.662662
0.378829
1.455882
0.697854
0.127143
0.279779
0.530657
0.348422
1.423973
0.284707
1.096689
0.616025
0.613162
0.702946
1.215496
1.442789
0.834861
0.389777
1.069290
0.840811
0.998060
0.881452
1.323329
0.802627
1.032885
0.325117
0.699468
0.704331
0.815452
0.177854
1.980919
0.978187
0.193898
1.202138
0.408177
1.988611
0.966878
1.066403
1.244278
1.232528
2.009363
1.738456
2.931099
1.089417
0.686064
1.208830
0.674795
0.573258
0.698171
0.359547
0.260277
0.955313
0.567122
1.493089
0.546787
1.459372
0.846644
0.424961
2.283303
0.956294
0.247803
0.736685
1.062793
1.190794
1.280374
0.118022
0.730903
0.325447
0.142441
1.161695
1.743767
0.678579
1.427362
1.084610
0.152203
0.794707
0.261579
1.373490
1.880429
2.038335
1.428852
1.069862
0.070362
0.154881
0.803213
1.478667
1.190306
0.941318
0.618007
0.896315
1.099339
1.589537
1.078007
0.627770
0.290905
1.096008
0.257845
0.494772
1.074598
0.717631
1.037596
1.785129
0.586424
0.090806
0.636536
0.035114
0.191977
1.178526
0.567004
1.211033
0.187123
1.407929
1.445945
1.169596
0.565758
0.551029
0.406867
0.672931
1.296978
1.643816
1.086607
0.786841
0.782810
0.882502
0.941644
1.155589
0.203781
0.535747
0.645195
2.201378
1.667758
0.808556
1.493329
0.319653
0.845208
0.324499
1.283289
0.376951
0.871980
1.465945
0.859867
0.926022
1.745490
0.717862
0.564513
2.139607
0.007691
0.556535
1.330914
0.140226
1.390852
1.224898
2.185841
0.697572
0.377844
0.514087
0.615503
1.092207
0.934103
1.004641
0.908891
0.205267
1.330246
0.420707
0.629591
2.410421
0.280904
2.099083
0.978688
0.705629
0.754109
0.754841
0.454722
0.934103
1.533266
1.013096
0.060304
0.898288
1.163295
0.880807
0.684390
0.588759
0.645583
2.281035
0.530610
1.182486
0.453224
2.024100
2.263876
1.210495
0.719213
0.678732
0.471477
0.584525
1.161783
1.004618
0.694624
0.739594
1.883031
1.104336
0.230607
0.311573
1.295872
0.967494
0.555187
0.683968
0.709121
0.813731
1.339683
0.622428
1.872573
1.506537
1.345216
1.997677
0.660503
0.581813
0.685881
0.590633
0.674445
0.436156
0.349019
0.218556
1.548170
0.928941
1.707778
2.139431
0.209399
0.820509
1.068171
0.374571
0.571590
0.431917
0.442917
0.731783
0.683358
0.577711
1.264869
1.094335
0.998554
0.361331
0.569260
1.769539
0.969459
0.920816
1.677728
0.448946
1.762963
0.316099
0.282177
0.075087
1.391900
1.734295
0.682139
0.344047
1.768249
0.406360
1.616664
0.502929
1.047520
0.748678
0.291026
0.746047
1.105168
0.769130
1.145301
1.333261
0.574642
0.339110
0.227750
1.078348
0.488965
0.747964
0.796861
0.212582
0.280541
0.643596
1.144086
1.275635
0.238772
2.011663
0.352707
0.834755
1.083242
1.246491
1.142687
0.715888
0.919136
0.307852
0.450560
1.143622
1.271996
1.093472
0.697831
0.680428
0.966886
0.508942
0.691364
0.747020
0.152134
0.903082
0.159445
2.250764
0.878734
1.395369
0.918465
0.516777
1.636637
1.634292
1.689073
0.631049
0.920565
0.904903
0.266553
1.261449
0.864583
1.004666
1.487937
1.330184
1.317790
0.582914
0.709396
0.332993
0.794301
0.822895
1.640827
1.149414
1.074017
0.156942
0.500748
0.406422
0.307385
1.720386
1.014638
0.772107
1.079005
0.934815
0.791370
0.814036
2.682057
0.976908
1.176912
0.769149
0.036688
0.113900
1.663844
0.729266
1.206184
2.238343
0.734728
0.121793
1.931659
0.182376
0.897112
1.787474
1.503714
0.401904
0.239088
0.933038
1.687702
1.011477
0.437215
1.085702
1.425796
1.676596
0.476682
0.346040
0.320563
1.143415
0.444597
0.599777
0.587378
1.502148
1.323884
0.465040
0.633591
1.124972
0.790387
0.732452
1.520964
1.082377
0.899671
0.977559
0.918276
0.505783
0.802033
2.041556
0.858209
0.226814
0.626530
1.388173
0.219185
1.305378
0.433593
1.431855
1.568110
0.984946
1.775807
0.885189
0.585333
1.036780
0.734669
1.197277
1.626446
0.722797
0.523209
0.946396
0.978422
0.081963
1.086499
0.396339
1.274933
1.934110
0.630159
1.015852
1.786715
0.865787
0.381050
0.749664
0.905995
0.383827
0.859774
0.569722
1.182516
0.684956
0.609092
0.704228
0.692787
0.138292
0.220728
1.498792
0.129904
1.488286
1.323960
1.045614
0.011766
0.835578
0.967992
0.573430
0.449453
0.406188
1.080707
1.739597
0.956705
0.638876
1.947942
1.131438
1.710447
0.195323
0.934385
0.506514
0.481426
1.566774
0.903606
0.314242
0.901948
0.868684
1.016654
0.635940
0.863541
0.824269
0.539748
1.186839
1.504491
0.235776
0.528053
3.000263
0.795728
0.661015
0.646072
0.900465
0.880346
1.662973
1.093952
2.127220
0.684545
1.109640
0.436175
1.441210
1.387139
0.405404
0.990259
0.361959
2.239752
0.458203
1.323807
1.293832
0.620056
0.273927
1.245982
1.320404
1.549449
0.445069
1.197390
0.666208
0.624578
1.210009
1.047148
0.793622
0.958850
0.433606
1.148887
0.738972
0.114717
0.566791
1.036994
1.505292
0.907943
0.208557
1.156399
1.071573
1.606581
1.208399
0.423138
1.469644
1.084479
1.262122
0.647565
0.802272
1.127519
0.637950
0.462176
1.312887
0.916403
1.167020
0.439314
1.388073
1.770889
0.876009
0.748720
0.779252
1.350039
0.303749
1.324683
0.649411
0.143724
1.923884
0.945515
1.668258
0.391591
1.029845
0.399874
0.358878
1.184482
1.117342
1.240947
1.285306
1.686225
0.366033
0.239320
0.983800
0.308389
1.141223
0.219507
0.476729
0.512737
0.554655
1.694147
0.431716
1.344609
0.916978
1.282386
1.034857
0.877458
1.210893
0.393219
1.998612
0.171506
0.811430
1.137817
0.399708
2.213991
0.651613
0.860188
0.989805
0.741687
0.353048
0.341780
0.429688
0.270355
1.104891
0.719767
0.723551
1.197684
0.242466
1.043632
1.178923
0.744863
0.924232
1.427388
0.445598
0.666207
1.382591
0.645219
1.013151
0.554496
1.465957
0.257106
0.553837
0.659219
0.118125
1.191423
1.043345
1.399254
0.488072
0.398835
0.659861
2.362273
0.823576
0.146156
1.122919
0.944788
0.949076
0.801485
0.563389
0.188209
0.463985
0.383828
1.875889
1.032550
0.737810
0.601390
0.848812
0.708526
0.370849
1.008947
0.808554
0.398183
0.160443
0.147335
0.542140
0.565398
0.831772
0.919437
0.267343
1.107287
0.660207
1.508138
1.000488
0.776113
0.625698
0.471981
0.741868
0.353741
0.979825
1.453404
0.802674
1.599186
0.393236
1.093694
0.479011
1.275805
1.833195
1.698593
1.322070
0.600311
0.639652
0.720456
0.410570
1.382359
1.418610
0.258446
0.368682
0.583757
1.173893
1.033680
1.937892
0.724889
0.600709
1.155536
0.460847
1.027300
1.210830
0.477238
0.947732
1.134115
0.536376
0.887297
0.244207
0.710358
0.857236
1.255510
1.165000
1.438511
0.991485
1.723796
0.733888
0.774087
0.590196
0.500927
0.367263
1.342658
1.256210
0.334660
0.768705
0.401410
0.681883
0.767530
0.869413
0.875816
1.540420
0.520696
0.492292
0.645017
0.730680
1.001854
2.206320
0.134764
0.572365
1.018424
1.595745
0.810681
0.876100
1.104100
0.538095
1.298044
0.776846
0.922338
0.170463
1.246157
1.341679
1.272840
0.946491
0.355365
0.775268
0.855358
2.037046
0.267935
0.514227
1.004835
1.074433
1.359866
0.816649
0.217057
0.608931
0.900696
0.826182
0.658118
0.478899
0.279905
0.406759
1.820121
0.509899
0.997360
0.912025
0.905102
0.388677
1.269162
0.519041
0.326274
0.562892
0.818106
0.699860
0.649587
0.793680
0.230664
0.661900
1.330999
0.813191
0.465039
1.299590
1.350279
0.542023
2.006573
1.226360
0.444900
1.332576
1.451292
1.910839
1.129980
0.610789
1.249210
0.752646
0.358466
0.446683
1.085080
1.430147
0.717080
2.061044
1.136843
0.360989
1.662549
0.941680
0.297208
0.834913
1.188355
0.846674
0.645660
1.579603
2.215611
0.368667
0.522761
0.637596
0.430882
0.612128
1.560368
2.657502
1.011641
0.412666
0.602554
0.577871
0.836934
0.604565
0.373919
0.188710
1.203529
0.221366
1.110499
0.766325
0.685347
0.433198
0.779874
0.490199
1.440796
0.579237
1.007864
0.291348
1.821343
1.366538
1.077014
1.663416
0.151539
2.629851
1.202544
0.761442
0.275650
1.128953
0.193365
0.791047
0.143304
0.743496
0.802608
0.793750
0.541938
1.177631
0.778376
0.056928
2.034405
0.143073
0.854251
0.136172
1.404382
0.353138
0.681567
1.565830
0.808027
1.679495
0.896084
1.810375
0.784386
0.659850
0.893966
0.314231
0.400178
1.936274
0.878408
1.396083
0.756916
1.160525
0.254996
0.078039
0.983571
0.892169
1.020628
0.136375
0.747423
0.513288
1.085058
0.341509
0.066382
0.355466
0.659609
0.359472
0.292999
1.059755
1.202182
0.167680
0.875177
1.355627
0.705750
0.257568
1.124983
0.839591
2.251937
0.661099
0.036319
0.819592
0.112081
0.941666
0.596814
0.745375
0.787553
0.333398
0.213332
0.763474
1.240592
0.846473
1.900107
0.588010
0.198872
0.148673
0.715530
1.318917
0.448202
0.504913
1.598243
0.198063
0.331010
0.551912
1.615659
0.691095
0.209163
1.042529
0.502516
0.089993
0.429957
0.983697
0.477502
0.939415
0.213581
1.215031
1.128111
0.595893
0.768634
0.193234
0.215862
0.664516
0.774054
0.328364
1.913850
1.010157
1.875346
0.349776
1.999723
0.180583
0.265464
0.691195
0.774084
1.050202
1.089372
0.995118
0.721149
0.623384
0.699029
0.222156
1.333654
0.962323
0.852269
0.571567
2.008562
0.303828
0.371034
0.555269
0.813999
0.589064
1.354845
0.219477
1.400958
0.761152
0.378082
1.519479
1.007369
1.729020
1.055292
0.925308
0.399789
0.341752
0.859174
0.242200
0.908481
2.430717
0.290253
0.745978
0.263096
1.069845
1.801418
0.296570
0.110679
0.266500
0.472241
0.372588
0.838816
0.950136
1.987474
1.033878
1.960721
0.557383
0.650113
0.850436
0.872380
1.534819
1.350810
0.402191
1.636564
0.867870
0.620910
1.953033
1.576109
0.650060
0.362392
0.942515
0.381258
0.777893
0.679233
0.764046
2.123793
0.290986
1.601036
0.652656
1.881367
2.037855
0.498352
0.744974
0.406620
1.801600
0.730093
1.636342
0.106693
0.334908
0.808414
2.194540
1.033634
0.703407
0.997847
0.324668
0.295168
1.346964
1.660542
0.725686
0.792795
0.521232
2.744711
0.800802
1.689275
1.013992
1.765713
1.010501
0.651853
1.043322
0.366614
0.932302
0.536190
0.729585
1.642843
1.443012
0.836113
0.046825
0.876013
1.004424
0.983827
1.059436
1.294481
1.176575
0.674695
0.476376
0.696604
0.185981
0.742408
1.840823
0.445716
0.205465
2.369538
1.191060
1.150156
0.926781
0.358392
1.111289
0.411055
0.804697
0.219102
0.198782
0.598298
2.227190
1.408262
0.639245
1.063111
2.740345
0.591890
2.066623
1.032485
0.946926
0.494590
0.208939
1.084207
0.898659
0.473926
1.403127
1.056784
0.125652
1.671216
1.385490
1.515494
0.146143
0.584748
0.700096
1.715437
0.334238
0.748178
0.957539
2.011918
0.137904
1.659092
1.149064
0.138445
1.013214
0.490075
1.554481
1.242757
0.835924
1.373248
1.187538
0.731342
0.513823
0.707269
0.840661
0.535537
1.652998
1.584807
0.310477
0.407704
1.384669
1.127382
0.392836
0.988590
1.651183
0.537365
0.627683
1.340097
1.771412
1.069018
0.772044
0.920067
0.797403
0.828876
1.338218
0.994896
0.582125
1.105421
1.911698
1.007725
0.459323
0.076451
1.180973
0.582337
0.200271
1.070728
0.179128
1.932570
0.110535
1.110288
0.747233
0.970556
0.793889
0.653633
0.221201
0.680982
2.030861
0.498148
1.171633
0.478800
0.194090
1.327144
1.050472
0.180615
1.170881
0.802848
0.802776
2.582263
0.219779
1.022855
1.487990
